     0/199     1.59G   0.04799  0.009614         0   0.05761         4       640    0.3195    0.5466    0.2532    0.1442   0.05996   0.01275         0
     1/199     3.03G   0.03367  0.007374         0   0.04105         4       640    0.7196    0.6103    0.6669    0.4268   0.05014    0.0118         0
     2/199     3.95G    0.0324  0.006711         0   0.03911         0       640    0.6042    0.5029    0.5222    0.3143   0.05933   0.01163         0
     3/199     3.95G   0.03343  0.006677         0   0.04011         4       640    0.7148    0.6006    0.6648    0.4221   0.04835   0.01169         0
     4/199     3.95G     0.031  0.006323         0   0.03733         6       640    0.7524    0.6386    0.7176    0.4722   0.04451    0.0114         0
     5/199     3.95G   0.02996  0.006263         0   0.03622         5       640      0.65    0.5878    0.6215    0.4215   0.05242    0.0114         0
     6/199     3.95G   0.02937  0.006259         0   0.03563         2       640    0.8075    0.6637     0.765    0.5285   0.04943   0.01033         0
     7/199     3.95G   0.02813  0.005862         0   0.03399         2       640    0.8016    0.6858    0.7677    0.5241   0.04856   0.01028         0
     8/199     3.95G   0.02776  0.005661         0   0.03342         6       640    0.7784    0.7215    0.7827    0.5435    0.0469   0.01034         0
     9/199     3.95G    0.0272  0.005702         0    0.0329         0       640    0.8076    0.7003    0.7788     0.545   0.04446   0.01122         0
    10/199     3.95G     0.027  0.005611         0   0.03261         1       640    0.8247     0.726    0.8035    0.5607    0.0455   0.01056         0
    11/199     3.95G   0.02667  0.005459         0   0.03213         1       640    0.8138    0.7477    0.8181    0.5784   0.04396    0.0108         0
    12/199     3.95G   0.02644  0.005523         0   0.03197         3       640    0.8005    0.7511    0.8164    0.5827    0.0449   0.01052         0
    13/199     3.95G   0.02595  0.005334         0   0.03129         5       640    0.8664    0.7498    0.8352    0.5965    0.0492  0.009864         0
    14/199     3.95G    0.0259   0.00531         0   0.03121         0       640    0.8357    0.7614    0.8363    0.6061   0.05028  0.009183         0
    15/199     3.95G   0.02582  0.005358         0   0.03118         1       640    0.8567    0.7511    0.8417    0.6071   0.04666   0.01004         0
    16/199     3.95G   0.02572  0.005332         0   0.03105         1       640      0.84    0.7859    0.8479    0.6091   0.04515   0.01023         0
    17/199     3.95G   0.02574  0.005452         0   0.03119         1       640    0.8444    0.7678    0.8438    0.6109   0.04378   0.01051         0
    18/199     3.95G   0.02527  0.005262         0   0.03053         1       640    0.8626     0.771    0.8527    0.6188   0.04573   0.01009         0
    19/199     3.95G   0.02493  0.005284         0   0.03022         5       640    0.8148    0.8174     0.863    0.6336   0.04507    0.0102         0
    20/199     3.95G   0.02514  0.005242         0   0.03038         1       640    0.8542    0.7987    0.8681    0.6379   0.04322   0.01054         0
    21/199     3.95G   0.02561  0.005441         0   0.03105         4       640    0.8841    0.7569    0.8587    0.6285   0.04371   0.01039         0
    22/199     3.95G   0.02504  0.005197         0   0.03023         4       640    0.8565    0.8148    0.8759     0.641   0.04168   0.01078         0
    23/199     3.95G   0.02479  0.005187         0   0.02998         3       640    0.8668    0.7908    0.8711    0.6429   0.04101   0.01096         0
    24/199     3.95G    0.0249  0.005325         0   0.03023         0       640    0.8655     0.755     0.853    0.6304   0.04058   0.01095         0
    25/199     3.95G   0.02512  0.005463         0   0.03058         0       640    0.8482    0.7929    0.8571    0.6387   0.03816   0.01129         0
    26/199     3.95G   0.02506  0.005409         0   0.03047         4       640    0.8455    0.8212    0.8758    0.6555   0.03715   0.01147         0
    27/199     3.95G   0.02497  0.005319         0   0.03029         4       640    0.8761    0.7961     0.873    0.6467   0.03781   0.01127         0
    28/199     3.95G    0.0247  0.005219         0   0.02992         3       640    0.8898    0.7949    0.8817    0.6597   0.03647   0.01127         0
    29/199     3.95G   0.02461  0.005173         0   0.02979         1       640    0.8883    0.7875    0.8831    0.6618   0.03907    0.0107         0
    30/199     3.95G   0.02405  0.005136         0   0.02919         0       640    0.8856    0.8064    0.8839    0.6671   0.03835   0.01063         0
    31/199     3.95G   0.02392  0.005084         0   0.02901         5       640    0.8976    0.8206    0.8937    0.6661   0.03948   0.01038         0
    32/199     3.95G   0.02405  0.005128         0   0.02918         1       640    0.8744    0.8238    0.8912    0.6669   0.03801   0.01059         0
    33/199     3.95G   0.02466  0.005156         0   0.02981         1       640    0.8544     0.827    0.8837    0.6628   0.03867   0.01049         0
    34/199     3.95G   0.02428   0.00521         0   0.02949         3       640    0.8979    0.7972     0.887    0.6631   0.03798   0.01059         0
    35/199     3.95G   0.02449  0.005244         0   0.02973         1       640    0.9086     0.782    0.8819    0.6658   0.03838   0.01049         0
    36/199     3.95G   0.02451  0.005322         0   0.02983         1       640    0.8858    0.7942    0.8771    0.6619   0.03755    0.0107         0
    37/199     3.95G   0.02395  0.005188         0   0.02914         4       640    0.9032    0.8102    0.8926    0.6771   0.03764   0.01051         0
    38/199     3.95G   0.02418  0.005097         0   0.02928         0       640     0.869    0.8405    0.8954    0.6834   0.03848   0.01022         0
    39/199     3.95G   0.02379  0.005081         0   0.02887         3       640     0.896    0.8255    0.9024    0.6913   0.03792   0.01028         0
    40/199     3.95G   0.02373  0.005053         0   0.02878         2       640    0.9101    0.8219    0.9045    0.6862   0.03779   0.01019         0
    41/199     3.95G   0.02347  0.005031         0    0.0285         2       640    0.8803    0.8421    0.9027    0.6855   0.03814   0.01023         0
    42/199     3.95G     0.024  0.005118         0   0.02912         4       640    0.8708    0.8502    0.9048    0.6863   0.03793    0.0102         0
    43/199     3.95G   0.02391  0.004961         0   0.02887         0       640    0.9118    0.8247    0.9078    0.6919   0.03688   0.01039         0
    44/199     3.95G   0.02336  0.004896         0   0.02826         0       640    0.8955    0.8379    0.9083    0.6942   0.03773   0.01023         0
    45/199     3.95G   0.02387  0.005121         0   0.02899         1       640    0.9088    0.8142    0.9029     0.688     0.038   0.01012         0
    46/199     3.95G   0.02373  0.005084         0   0.02882         4       640     0.892    0.8288    0.9017    0.6906   0.03781   0.01009         0
    47/199     3.95G   0.02368  0.005082         0   0.02876         1       640    0.8847    0.8337    0.9033    0.6952   0.03787   0.01001         0
    48/199     3.95G   0.02342  0.005032         0   0.02845         6       640    0.8887    0.8423    0.9057    0.6971   0.03822  0.009823         0
    49/199     3.95G   0.02344  0.005071         0   0.02852         3       640    0.9007    0.8322    0.9078    0.6983   0.03862  0.009716         0
    50/199     3.95G   0.02361   0.00514         0   0.02875         1       640     0.906    0.8244     0.908    0.6963   0.03849   0.00975         0
    51/199     3.95G    0.0239  0.005133         0   0.02904         3       640    0.8912    0.8328    0.9036    0.6897   0.03844  0.009766         0
    52/199     3.95G   0.02321  0.004983         0    0.0282         1       640     0.895    0.8328    0.9082    0.6953   0.03789  0.009861         0
    53/199     3.95G   0.02329  0.005014         0    0.0283         0       640    0.8778      0.85    0.9101    0.6989   0.03741  0.009897         0
    54/199     3.95G   0.02315  0.005015         0   0.02817         4       640    0.9128    0.8154    0.9102    0.7004   0.03744  0.009886         0
    55/199     3.95G   0.02354  0.005179         0   0.02872         5       640    0.9118    0.8116    0.9056    0.6988   0.03737  0.009964         0
    56/199     3.95G   0.02281  0.005037         0   0.02784         4       640    0.9009    0.8241    0.9058     0.699   0.03717  0.009973         0
    57/199     3.95G   0.02324  0.004991         0   0.02823         1       640     0.875    0.8431    0.9069    0.7005   0.03706  0.009803         0
    58/199     3.95G   0.02315  0.004929         0   0.02808         2       640    0.8987    0.8264    0.9073    0.7012   0.03704  0.009741         0
    59/199     3.95G   0.02288  0.004899         0   0.02778         4       640    0.8923    0.8373    0.9083    0.7029   0.03714  0.009693         0
    60/199     3.95G   0.02303  0.004911         0   0.02794         4       640    0.8979    0.8431    0.9118    0.7062   0.03708  0.009632         0
    61/199     3.95G   0.02287  0.004878         0   0.02774         0       640    0.8998    0.8433     0.914    0.7104     0.037  0.009607         0
    62/199     3.95G   0.02289  0.004963         0   0.02785         2       640    0.8884    0.8502    0.9115    0.7098   0.03702  0.009613         0
    63/199     3.95G   0.02237  0.004804         0   0.02717         4       640    0.8897    0.8463    0.9123    0.7094   0.03707  0.009588         0
    64/199     3.95G   0.02275  0.004845         0   0.02759         2       640    0.8926    0.8514    0.9142    0.7099   0.03711  0.009545         0
    65/199     3.95G   0.02269  0.004811         0    0.0275         5       640    0.8879    0.8559    0.9157      0.71   0.03708  0.009525         0
    66/199     3.95G   0.02278   0.00492         0    0.0277         4       640    0.9003    0.8481    0.9171    0.7126   0.03699   0.00951         0
    67/199     3.95G   0.02287  0.004926         0    0.0278         4       640    0.8986    0.8488    0.9187    0.7138    0.0369  0.009484         0
    68/199     3.95G   0.02255  0.004861         0   0.02741         6       640    0.8897    0.8617    0.9199    0.7139   0.03677  0.009486         0
    69/199     3.95G   0.02242  0.004817         0   0.02724         2       640     0.925    0.8325    0.9207    0.7171    0.0367   0.00948         0
    70/199     3.95G   0.02265  0.004893         0   0.02754         2       640    0.9294    0.8309    0.9209    0.7178   0.03654  0.009499         0
    71/199     3.95G   0.02265   0.00497         0   0.02762         3       640    0.9218    0.8347    0.9212    0.7183   0.03633  0.009543         0
    72/199     3.95G   0.02306  0.005114         0   0.02818         4       640    0.9131    0.8379    0.9195    0.7185    0.0362   0.00958         0
    73/199     3.95G   0.02267  0.004942         0   0.02762         4       640    0.9209    0.8328    0.9189    0.7179   0.03616  0.009604         0
    74/199     3.95G   0.02228  0.004955         0   0.02724         0       640    0.9245    0.8289    0.9192    0.7173   0.03609  0.009628         0
    75/199     3.95G   0.02219  0.004901         0   0.02709         1       640    0.9067    0.8437    0.9199    0.7165   0.03603  0.009654         0
    76/199     3.95G   0.02261  0.004955         0   0.02756         1       640    0.9091    0.8431    0.9203    0.7182   0.03597  0.009669         0
    77/199     3.95G   0.02219  0.004913         0   0.02711         1       640    0.9007    0.8521    0.9208    0.7189   0.03591  0.009677         0
    78/199     3.95G   0.02214  0.004829         0   0.02697         1       640     0.902     0.852    0.9209    0.7191   0.03588  0.009679         0
    79/199     3.95G   0.02206  0.004786         0   0.02685         1       640     0.906    0.8488    0.9218    0.7195   0.03583  0.009679         0
    80/199     3.95G   0.02198  0.004726         0    0.0267         2       640    0.9027    0.8533    0.9221    0.7212   0.03576  0.009695         0
    81/199     3.95G   0.02192  0.004731         0   0.02665         1       640    0.9056    0.8514    0.9232    0.7226   0.03572  0.009706         0
    82/199     3.95G   0.02188  0.004734         0   0.02661         1       640    0.9032     0.854    0.9235     0.723   0.03566   0.00972         0
    83/199     3.95G   0.02184   0.00482         0   0.02666         4       640    0.9053    0.8553     0.924    0.7237    0.0356  0.009728         0
    84/199     3.95G   0.02166  0.004695         0   0.02635         1       640     0.903    0.8579     0.925    0.7238   0.03553  0.009735         0
    85/199     3.95G     0.022   0.00476         0   0.02676         2       640    0.9096    0.8547    0.9262    0.7241   0.03545  0.009748         0
    86/199     3.95G   0.02151  0.004688         0    0.0262         0       640    0.9086    0.8571    0.9267    0.7241    0.0354  0.009755         0
    87/199     3.95G   0.02158  0.004703         0   0.02628         1       640    0.9088    0.8584    0.9274    0.7249   0.03535  0.009763         0
    88/199     3.95G   0.02145  0.004659         0    0.0261         1       640    0.9315    0.8392    0.9279    0.7246   0.03529  0.009769         0
    89/199     3.95G   0.02152  0.004783         0    0.0263         5       640    0.9285    0.8424    0.9283    0.7248   0.03525  0.009775         0
    90/199     3.95G   0.02159   0.00471         0    0.0263         2       640    0.9276    0.8437    0.9285    0.7251   0.03522  0.009779         0
    91/199     3.95G   0.02139  0.004674         0   0.02606         2       640    0.9278     0.845    0.9289    0.7265   0.03518  0.009786         0
    92/199     3.95G   0.02134  0.004657         0     0.026         1       640    0.9285     0.845    0.9288    0.7266   0.03515  0.009796         0
    93/199     3.95G   0.02118  0.004592         0   0.02577         1       640    0.9293    0.8448    0.9288    0.7276   0.03509  0.009804         0
    94/199     3.95G   0.02095  0.004601         0   0.02555         1       640     0.933    0.8423    0.9291    0.7278   0.03505  0.009809         0
    95/199     3.95G   0.02119  0.004598         0   0.02579         0       640    0.9318     0.843    0.9294    0.7279   0.03501  0.009813         0
    96/199     3.95G   0.02121  0.004595         0   0.02581         4       640    0.9299    0.8444    0.9299    0.7279   0.03496   0.00982         0
    97/199     3.95G   0.02103  0.004561         0   0.02559         5       640    0.9274    0.8476    0.9303    0.7284   0.03492  0.009827         0
    98/199     3.95G   0.02117  0.004608         0   0.02578         4       640     0.928    0.8476    0.9307     0.729   0.03488  0.009829         0
    99/199     3.95G   0.02085  0.004565         0   0.02541         4       640    0.9294    0.8469     0.931    0.7288   0.03485  0.009831         0
   100/199     3.95G   0.02093  0.004556         0   0.02549         1       640    0.9295    0.8476    0.9311    0.7295   0.03483  0.009833         0
   101/199     3.95G   0.02085  0.004515         0   0.02537         6       640    0.9294    0.8476    0.9313      0.73   0.03482  0.009837         0
   102/199     3.95G   0.02097  0.004568         0   0.02554         3       640    0.9295    0.8482    0.9318    0.7303   0.03479  0.009838         0
   103/199     3.95G   0.02116  0.004827         0   0.02599         5       640    0.9314    0.8469    0.9318    0.7308   0.03476  0.009841         0
   104/199     3.95G    0.0208  0.004636         0   0.02544         3       640    0.9217    0.8551    0.9322    0.7309   0.03474  0.009843         0
   105/199     3.95G   0.02054  0.004531         0   0.02507         1       640    0.9224    0.8558    0.9324    0.7311   0.03473  0.009846         0
   106/199     3.95G   0.02087  0.004603         0   0.02547         1       640    0.9211    0.8566     0.932    0.7318   0.03471  0.009849         0
   107/199     3.95G   0.02076  0.004561         0   0.02532         1       640    0.9211    0.8566     0.932    0.7325   0.03469  0.009853         0
   108/199     3.95G   0.02059  0.004511         0    0.0251         2       640    0.9216    0.8572    0.9318    0.7332   0.03468  0.009854         0
   109/199     3.95G    0.0206  0.004535         0   0.02513         4       640    0.9212    0.8575    0.9318    0.7339   0.03467  0.009858         0
   110/199     3.95G   0.02066  0.004568         0   0.02523         3       640    0.9241     0.854     0.932    0.7347   0.03464  0.009862         0
   111/199     3.95G    0.0205  0.004518         0   0.02502         4       640    0.9254    0.8533    0.9321    0.7348   0.03463  0.009864         0
   112/199     3.95G   0.02036  0.004355         0   0.02472         2       640    0.9257    0.8527    0.9324     0.735   0.03461  0.009869         0
   113/199     3.95G   0.02022  0.004406         0   0.02463         2       640    0.9241    0.8539    0.9326    0.7357   0.03458  0.009875         0
   114/199     3.95G   0.02041  0.004439         0   0.02485         0       640    0.9241    0.8547    0.9328    0.7356   0.03456   0.00988         0
   115/199     3.95G   0.02026  0.004479         0   0.02474         3       640    0.9247     0.854     0.933    0.7358   0.03453  0.009881         0
   116/199     3.95G   0.02013  0.004414         0   0.02455         6       640    0.9248    0.8539    0.9333    0.7365    0.0345  0.009885         0
   117/199     3.95G   0.01981    0.0043         0   0.02411         2       640    0.9242    0.8547    0.9338    0.7372   0.03449  0.009887         0
   118/199     3.95G   0.02011  0.004311         0   0.02443         4       640    0.9272    0.8527    0.9338    0.7373   0.03447  0.009892         0
   119/199     3.95G   0.02005  0.004315         0   0.02436         4       640    0.9273    0.8533     0.934    0.7379   0.03445  0.009894         0
   120/199     3.95G   0.02001  0.004407         0   0.02441         1       640    0.9273    0.8527    0.9337     0.738   0.03444  0.009901         0
   121/199     3.95G   0.01997  0.004448         0   0.02441         3       640    0.9272    0.8527    0.9337    0.7375   0.03442  0.009904         0
   122/199     3.95G   0.01985   0.00436         0   0.02421         2       640    0.9359    0.8449     0.934    0.7372   0.03439  0.009906         0
   123/199     3.95G   0.01984  0.004342         0   0.02418         2       640     0.936    0.8463    0.9346    0.7381   0.03438  0.009911         0
   124/199     3.95G   0.01992  0.004371         0   0.02429         0       640    0.9358    0.8463    0.9345     0.739   0.03435  0.009918         0
   125/199     3.95G    0.0204  0.004619         0   0.02502         1       640    0.9347    0.8475    0.9344    0.7385   0.03432  0.009923         0
   126/199     3.95G   0.02014  0.004447         0   0.02459         2       640    0.9345    0.8476    0.9346    0.7387    0.0343   0.00993         0
   127/199     3.95G      0.02  0.004479         0   0.02448         2       640    0.9353    0.8466    0.9346    0.7389   0.03427  0.009941         0
   128/199     3.95G   0.01977  0.004349         0   0.02412         4       640     0.923    0.8579    0.9348    0.7385   0.03425  0.009948         0
   129/199     3.95G   0.01949  0.004309         0    0.0238         0       640    0.9339    0.8489     0.935    0.7384   0.03423  0.009956         0
   130/199     3.95G   0.01955  0.004249         0   0.02379         1       640    0.9305    0.8527     0.935    0.7385    0.0342  0.009963         0
   131/199     3.95G   0.01941  0.004259         0   0.02367         9       640    0.9064    0.8752    0.9352    0.7394   0.03418  0.009976         0
   132/199     3.95G   0.01946   0.00424         0    0.0237         0       640    0.9068    0.8765    0.9354    0.7393   0.03416  0.009985         0
   133/199     3.95G   0.01944  0.004248         0   0.02369         0       640    0.9068    0.8778    0.9357    0.7399   0.03414  0.009987         0
   134/199     3.95G   0.01948    0.0042         0   0.02368         1       640    0.9081    0.8778    0.9359      0.74   0.03412  0.009994         0
   135/199     3.95G    0.0194  0.004183         0   0.02358         4       640    0.9065    0.8804    0.9362    0.7406   0.03409      0.01         0
   136/199     3.95G   0.01915  0.004155         0   0.02331         5       640    0.9078    0.8804    0.9365    0.7401   0.03408   0.01001         0
   137/199     3.95G   0.01908  0.004207         0   0.02329         1       640    0.9073    0.8817    0.9367    0.7405   0.03406   0.01001         0
   138/199     3.95G   0.01906  0.004086         0   0.02315         1       640     0.905     0.883    0.9366    0.7411   0.03404   0.01001         0
   139/199     3.95G   0.01906  0.004087         0   0.02315         4       640     0.913    0.8777    0.9372    0.7412   0.03402   0.01001         0
   140/199     3.95G   0.01876  0.004163         0   0.02292         5       640    0.9131    0.8785    0.9376    0.7418   0.03399   0.01002         0
   141/199     3.95G    0.0189   0.00411         0   0.02301         4       640    0.9064    0.8848    0.9378    0.7415   0.03397   0.01002         0
   142/199     3.95G   0.01882  0.004075         0   0.02289         4       640    0.9176    0.8752    0.9381    0.7427   0.03395   0.01003         0
   143/199     3.95G   0.01885  0.004106         0   0.02296         2       640    0.9172    0.8763    0.9383    0.7428   0.03393   0.01003         0
   144/199     3.95G   0.01878   0.00409         0   0.02287         1       640    0.9185    0.8765    0.9388    0.7432   0.03392   0.01003         0
   145/199     3.95G   0.01904  0.004134         0   0.02317         4       640    0.9128    0.8823     0.939    0.7432    0.0339   0.01003         0
   146/199     3.95G   0.01889  0.004113         0     0.023         3       640     0.926    0.8714    0.9394    0.7442   0.03388   0.01004         0
   147/199     3.95G    0.0187  0.004068         0   0.02277         1       640    0.9247    0.8733    0.9396    0.7447   0.03386   0.01004         0
   148/199     3.95G    0.0185  0.004041         0   0.02255         4       640    0.9245    0.8745    0.9398    0.7452   0.03384   0.01005         0
   149/199     3.95G   0.01879  0.004068         0   0.02286         1       640    0.9252    0.8745    0.9401    0.7459   0.03383   0.01006         0
   150/199     3.95G   0.01846  0.004038         0    0.0225         5       640    0.9244    0.8746    0.9404    0.7464   0.03381   0.01006         0
   151/199     3.95G   0.01855  0.004031         0   0.02258         2       640    0.9286     0.872    0.9407    0.7468    0.0338   0.01007         0
   152/199     3.95G   0.01845  0.004006         0   0.02246         1       640      0.93    0.8718    0.9408    0.7467   0.03378   0.01007         0
   153/199     3.95G   0.01844  0.003964         0   0.02241         2       640     0.933    0.8695     0.941    0.7472   0.03376   0.01008         0
   154/199     3.95G   0.01831  0.004004         0   0.02231         1       640    0.9343    0.8692    0.9411    0.7468   0.03375   0.01008         0
   155/199     3.95G   0.01828  0.003926         0    0.0222         5       640    0.9344      0.87    0.9412    0.7471   0.03372   0.01009         0
   156/199     3.95G   0.01833  0.003944         0   0.02227         5       640    0.9345    0.8712    0.9413    0.7471   0.03371   0.01009         0
   157/199     3.95G   0.01825  0.003944         0   0.02219         6       640    0.9351     0.872    0.9415    0.7476   0.03369    0.0101         0
   158/199     3.95G   0.01801  0.003935         0   0.02194         4       640    0.9344    0.8727    0.9416    0.7477   0.03366    0.0101         0
   159/199     3.95G   0.01821  0.003969         0   0.02218         5       640    0.9365    0.8719    0.9418    0.7484   0.03365    0.0101         0
   160/199     3.95G     0.018  0.003871         0   0.02188         2       640    0.9359    0.8733    0.9421    0.7482   0.03363   0.01011         0
   161/199     3.95G   0.01775  0.003917         0   0.02167         4       640     0.934    0.8746    0.9423    0.7484   0.03361   0.01012         0
   162/199     3.95G   0.01791  0.003865         0   0.02178         1       640    0.9339    0.8746    0.9425    0.7488   0.03359   0.01012         0
   163/199     3.95G   0.01804  0.003866         0    0.0219         4       640    0.9334    0.8745    0.9427    0.7495   0.03357   0.01012         0
   164/199     3.95G   0.01789    0.0039         0   0.02179         1       640    0.9341     0.875     0.943      0.75   0.03355   0.01013         0
   165/199     3.95G   0.01761  0.003811         0   0.02142         2       640    0.9277    0.8829    0.9445    0.7503   0.03353   0.01014         0
   166/199     3.95G   0.01777  0.003854         0   0.02162         1       640    0.9324    0.8784    0.9451    0.7509    0.0335   0.01014         0
   167/199     3.95G   0.01767  0.003816         0   0.02149         0       640    0.9313    0.8803    0.9451     0.751   0.03348   0.01015         0
   168/199     3.95G   0.01791  0.003906         0   0.02182         0       640    0.9325    0.8802    0.9457    0.7516   0.03346   0.01015         0
   169/199     3.95G   0.01749  0.003798         0   0.02129         4       640    0.9337    0.8797    0.9459    0.7519   0.03343   0.01016         0
   170/199     3.95G   0.01771    0.0038         0   0.02151         2       640     0.935    0.8804    0.9463    0.7519   0.03341   0.01017         0
   171/199     3.95G    0.0176  0.003783         0   0.02138         5       640     0.935    0.8797    0.9466    0.7528   0.03339   0.01017         0
   172/199     3.95G   0.01758  0.003812         0    0.0214         3       640    0.9361    0.8778    0.9468    0.7533   0.03338   0.01018         0
   173/199     3.95G   0.01753  0.003818         0   0.02135         4       640    0.9368    0.8778    0.9471    0.7537   0.03336   0.01019         0
   174/199     3.95G   0.01759  0.003759         0   0.02135         1       640    0.9381    0.8771    0.9473    0.7536   0.03334   0.01019         0
   175/199     3.95G   0.01732  0.003727         0   0.02104         4       640    0.9362    0.8791    0.9476     0.754   0.03333    0.0102         0
   176/199     3.95G   0.01753  0.003804         0   0.02133         3       640    0.9375    0.8785     0.948    0.7539   0.03331    0.0102         0
   177/199     3.95G   0.01738  0.003744         0   0.02112         0       640    0.9328    0.8836    0.9483    0.7543    0.0333   0.01021         0
   178/199     3.95G   0.01747   0.00377         0   0.02124         3       640     0.932    0.8849    0.9485    0.7548   0.03328   0.01022         0
   179/199     3.95G   0.01729  0.003723         0   0.02102         1       640    0.9351     0.883    0.9488    0.7554   0.03327   0.01022         0
   180/199     3.95G   0.01717  0.003646         0   0.02081         2       640    0.9365     0.883    0.9488    0.7559   0.03326   0.01023         0
   181/199     3.95G   0.01725  0.003771         0   0.02102         2       640    0.9366    0.8828    0.9491    0.7566   0.03325   0.01023         0
   182/199     3.95G   0.01714  0.003702         0   0.02085         2       640    0.9383     0.881    0.9487    0.7574   0.03324   0.01024         0
   183/199     3.95G   0.01711   0.00373         0   0.02084         1       640    0.9326    0.8875    0.9492    0.7577   0.03324   0.01024         0
   184/199     3.95G   0.01716  0.003729         0   0.02089         1       640    0.9348    0.8875    0.9493    0.7577   0.03323   0.01025         0
   185/199     3.95G   0.01731  0.003657         0   0.02096         2       640    0.9367    0.8855    0.9496    0.7577   0.03323   0.01026         0
   186/199     3.95G   0.01707  0.003651         0   0.02072         1       640    0.9374    0.8862    0.9498    0.7581   0.03322   0.01026         0
   187/199     3.95G    0.0172  0.003684         0   0.02088         0       640    0.9386    0.8854    0.9498    0.7589   0.03322   0.01027         0
   188/199     3.95G   0.01713  0.003681         0   0.02081         4       640    0.9405    0.8847      0.95    0.7588   0.03321   0.01028         0
   189/199     3.95G   0.01702  0.003675         0   0.02069         2       640    0.9321    0.8932    0.9504    0.7597   0.03321   0.01029         0
   190/199     3.95G   0.01692  0.003662         0   0.02058         3       640    0.9387    0.8861    0.9504    0.7595    0.0332   0.01029         0
   191/199     3.95G   0.01689  0.003632         0   0.02052         1       640    0.9296    0.8945    0.9506      0.76   0.03319    0.0103         0
   192/199     3.95G   0.01694  0.003628         0   0.02057         3       640    0.9311    0.8949    0.9509    0.7594   0.03318    0.0103         0
   193/199     3.95G   0.01693  0.003658         0   0.02059         4       640    0.9317    0.8952    0.9511    0.7599   0.03318   0.01031         0
   194/199     3.95G   0.01683  0.003631         0   0.02046        11       640    0.9336    0.8952    0.9516    0.7604   0.03317   0.01032         0
   195/199     3.95G   0.01692  0.003643         0   0.02057         2       640    0.9342    0.8952    0.9517    0.7604   0.03316   0.01032         0
   196/199     3.95G   0.01683  0.003649         0   0.02048         1       640    0.9355     0.895     0.952    0.7607   0.03315   0.01033         0
   197/199     3.95G   0.01664  0.003604         0   0.02025         0       640    0.9348    0.8965    0.9522    0.7611   0.03314   0.01034         0
   198/199     3.95G   0.01691  0.003629         0   0.02054         5       640    0.9362    0.8971    0.9526    0.7611   0.03314   0.01034         0
   199/199     3.95G   0.01653  0.003573         0    0.0201         1       640    0.9362    0.8971    0.9526    0.7622   0.03313   0.01035         0
